899
174 440
751 712
430 122
254 114
343 546
702 763
191 134
511 107
642 639
96 285
161 267
712 829
166 168
192 175
53 197
143 507
606 105
482 359
23 60
146 81
109 152
753 199
776 638
41 8
333 323
680 673
246 1
7 61
398 836
104 622
7 423
699 738
13 388
710 77
376 243
26 545
282 391
250 38
528 643
69 97
210 431
420 232
416 352
67 688
111 467
81 12
704 551
417 90
179 210
377 617
124 293
635 805
367 115
131 673
279 145
518 369
670 326
538 197
534 488
550 257
22 119
519 748
7 181
231 30
544 679
88 57
629 460
268 311
282 505
42 425
358 833
734 760
4 77
172 23
79 174
620 279
196 286
641 456
384 380
224 516
336 568
253 181
29 2
113 75
79 597
469 560
711 818
64 80
2 15
414 494
221 111
38 599
555 747
21 27
484 119
571 798
637 226
61 757
369 41
175 135
502 159
30 409
99 718
5 18
421 32
377 393
681 870
772 362
834 255
225 310
24 528
684 205
336 110
349 732
306 768
68 211
360 315
691 596
396 342
440 459
794 4
657 132
496 720
392 835
636 628
297 189
698 537
47 611
324 224
590 138
240 464
30 70
403 602
298 112
252 295
581 421
155 357
574 675
343 56
278 98
463 362
492 301
101 41
889 853
75 52
245 470
474 448
397 442
335 35
827 157
624 525
699 320
833 838
117 42
812 175
147 307
613 512
201 99
246 439
201 514
110 85
259 604
38 12
192 257
183 94
519 152
317 810
206 330
178 341
508 644
477 758
252 517
41 530
333 722
702 876
656 645
41 68
7 466
290 500
877 789
120 11
353 81
28 366
128 632
7 3
169 312
486 521
167 118
472 353
6 227
841 463
50 446
497 158
264 783
202 397
683 93
117 144
605 106
413 36
512 744
133 306
347 383
659 284
99 531
80 251
305 89
68 280
444 29
554 41
217 359
64 48
475 355
166 372
422 498
861 99
491 333
288 234
806 263
7 105
47 166
245 224
93 669
883 881
503 200
236 160
133 177
631 444
120 365
8 37
33 46
112 115
884 719
334 434
607 266
45 274
187 609
895 615
695 787
354 736
815 247
26 74
194 40
694 690
256 76
49 40
157 281
130 506
107 350
567 464
245 850
604 727
634 440
7 94
319 584
178 523
485 295
166 646
412 383
354 241
180 5
49 121
517 820
233 326
466 539
541 266
484 625
456 180
32 26
368 844
451 402
92 150
92 55
847 630
23 34
615 259
371 209
122 99
253 626
11 162
497 759
110 331
78 595
30 76
102 104
247 40
846 563
555 162
333 647
90 65
478 407
1 9
415 400
33 111
378 869
82 62
317 209
893 279
338 222
715 843
286 831
15 24
419 422
320 95
740 464
410 570
131 73
382 804
10 19
99 90
76 283
582 473
525 826
362 377
44 198
65 263
468 69
816 384
618 436
713 646
515 183
824 550
784 675
254 355
373 724
750 126
628 599
325 230
1 225
577 522
576 175
321 224
318 764
255 561
5 66
494 571
144 268
132 190
662 294
206 220
2 176
157 258
785 315
529 344
575 306
199 143
96 42
842 340
392 281
894 755
24 315
327 540
215 665
193 192
115 207
470 525
619 43
20 28
830 143
597 885
408 627
53 100
598 163
881 840
261 92
115 218
569 181
439 754
874 255
17 432
77 348
187 677
578 693
15 731
28 735
45 50
130 188
7 20
141 81
14 5
53 701
57 375
157 891
384 695
822 34
578 309
129 762
156 30
378 222
264 204
792 514
492 566
779 84
107 20
422 886
1 2
13 91
409 819
202 769
475 480
206 309
828 625
666 326
136 342
4 8
341 382
737 76
301 150
249 222
789 14
459 495
583 300
40 215
59 79
25 126
85 44
400 382
717 593
326 345
145 61
9 43
729 201
791 335
840 551
429 293
858 79
73 594
100 116
157 121
395 354
678 378
477 589
399 79
543 518
105 128
715 462
225 457
116 880
109 217
5 17
41 67
386 29
216 24
323 730
284 186
119 159
5 57
318 358
734 730
481 242
1 35
63 61
101 212
402 335
324 465
235 24
260 68
788 739
645 574
29 476
871 191
766 578
352 573
337 154
51 73
450 469
761 553
36 230
600 340
23 163
347 238
232 38
194 453
626 878
355 797
36 277
739 308
51 106
814 284
49 340
488 52
31 1
222 490
304 193
532 327
716 253
147 173
635 519
448 129
469 781
563 414
15 496
291 765
811 795
711 274
526 370
2 13
577 733
71 56
888 594
767 488
25 36
584 875
672 65
245 817
702 728
706 323
603 42
25 13
238 35
407 129
219 479
714 84
1 3
184 183
53 39
650 28
289 241
700 605
130 275
110 411
76 426
483 33
160 154
68 712
89 103
224 234
24 867
377 406
778 364
203 455
385 350
825 439
746 351
11 7
209 197
197 203
424 674
41 592
170 390
710 799
381 244
62 22
65 52
93 41
410 159
227 271
41 78
19 22
81 259
19 364
59 454
246 853
257 586
243 775
52 807
239 777
291 702
88 140
553 265
315 862
143 72
43 316
445 152
323 83
481 572
1 109
161 105
405 112
101 790
339 291
1 229
189 155
462 76
112 137
374 100
187 65
855 625
458 231
4 69
222 630
233 152
667 251
450 284
752 602
33 300
57 58
203 368
818 863
208 242
20 40
237 179
782 757
171 352
809 212
83 127
33 318
223 182
226 509
194 248
512 8
403 377
539 668
2 33
6 3
458 873
854 168
505 749
63 179
530 839
638 143
251 558
328 363
206 214
4 1
213 35
466 591
559 367
226 73
703 605
195 78
719 628
565 421
686 586
47 37
707 703
653 180
218 721
76 661
139 113
102 22
549 496
690 546
182 61
616 554
162 362
138 537
128 499
165 308
601 286
394 149
13 16
319 280
62 133
200 101
317 697
152 273
197 219
134 88
370 380
78 510
44 16
845 144
725 93
860 696
450 547
705 545
9 51
309 427
177 655
10 118
69 461
89 671
808 642
304 580
123 83
101 262
170 79
67 151
77 87
11 294
349 48
852 441
59 564
135 171
22 26
426 682
44 437
477 362
124 596
28 154
493 849
524 556
83 73
71 801
588 40
233 443
356 244
136 105
745 372
124 148
58 112
587 213
34 460
557 493
823 607
270 12
74 265
1 10
408 356
632 651
773 428
389 33
334 536
89 401
124 52
15 241
3 12
296 127
206 13
496 658
50 135
743 11
44 328
727 864
323 859
234 535
287 313
299 100
30 178
82 302
343 786
134 142
101 755
239 46
142 522
4 663
696 597
156 848
94 508
562 412
621 469
121 138
449 448
421 424
851 379
832 647
70 756
379 349
796 280
155 136
113 856
164 224
608 407
325 373
321 898
119 649
640 872
305 685
437 623
293 504
383 527
771 104
125 130
304 361
55 50
325 610
23 473
593 43
344 187
244 9
509 544
129 69
419 76
204 487
179 204
139 370
23 837
879 147
125 90
114 113
868 588
311 741
589 795
676 115
551 72
524 415
328 552
198 314
802 2
334 151
153 574
329 233
252 118
33 435
303 235
433 334
548 340
707 803
892 849
689 84
692 191
327 177
532 664
133 153
582 800
774 621
290 94
196 447
205 723
205 121
72 48
585 213
240 42
122 272
115 486
501 10
890 855
15 660
648 187
359 793
882 549
193 222
580 639
291 256
267 857
39 24
276 75
614 383
20 59
186 68
493 273
54 29
146 169
726 102
887 535
520 313
253 269
208 76
255 235
243 175
185 21
36 86
134 452
519 579
77 89
45 56
488 687
32 45
